id	norm	tau0	eta/s	N_pi_1020	N_pi_2030	N_pi_3040	N_pi_4050	N_K_1020	N_K_2030	N_K_3040	N_K_4050	N_p_1020	N_p_2030	N_p_3040	N_p_4050	v_2_1020	v_2_2030	v_2_3040	v_2_4050
0	127.19821	0.99587	0.14484	1437.41800	956.60100	617.26900	375.97500	229.04700	152.95600	99.78500	61.31500	71.97700	48.62900	31.83200	19.65800	0.06140	0.08240	0.09690	0.09900
1	196.49973	0.94955	0.12554	2098.59400	1386.77700	893.03000	549.06100	332.94100	221.96200	144.26600	88.87900	105.02400	70.09300	46.22500	28.31500	0.06570	0.08950	0.10390	0.11060
2	196.78500	0.90397	0.11039	1976.10300	1318.18900	845.62300	519.04700	314.82400	211.03000	136.42700	84.54000	98.98300	66.43400	43.38000	27.22400	0.06780	0.09210	0.10780	0.11720
3	319.64539	0.52603	0.15714	2006.73300	1330.95100	857.64200	524.83700	319.69400	214.59800	138.85400	85.76500	100.38900	68.19400	44.35400	27.62800	0.06630	0.08990	0.10420	0.10870
4	296.33902	0.37159	0.04497	1224.78600	819.80600	527.49400	321.03800	195.80200	131.78100	85.02800	52.72000	62.14400	41.77300	27.75000	16.84900	0.07550	0.10590	0.12560	0.13430
5	183.95125	0.63765	0.06035	1319.33600	878.39400	569.76100	347.01900	210.99100	141.04500	91.57800	56.38600	66.30300	44.89600	29.43500	18.29000	0.07060	0.09790	0.11540	0.12170
6	111.95279	1.02551	0.08008	1274.79900	848.90300	546.08500	332.51900	203.07800	136.21200	87.63000	54.19900	63.79600	42.95000	28.00500	17.12600	0.06650	0.09000	0.10500	0.11140
7	226.06819	0.34796	0.03792	890.75300	591.68200	380.54600	233.25200	143.15600	95.61200	61.91500	38.07000	45.26800	30.27700	19.98400	12.45600	0.07390	0.10060	0.11990	0.13020
8	66.24736	0.22671	0.14703	208.95000	138.33700	88.16600	52.89900	33.87800	22.57000	14.49800	8.81300	10.89300	7.34200	4.74800	2.90300	0.04480	0.05510	0.06300	0.05890
9	93.03618	1.01521	0.06781	1050.06900	696.56600	451.32300	273.97500	166.28700	112.60100	73.31900	44.72600	52.55000	35.64900	23.06500	14.44000	0.06620	0.08960	0.10550	0.11280
10	256.17856	0.51849	0.11478	1541.92900	1019.66200	654.09200	401.09800	246.02400	163.23500	106.26900	65.73800	77.74200	52.15100	34.20200	21.18400	0.06750	0.09380	0.10880	0.11600
11	213.50098	0.40138	0.17369	1057.00400	700.86300	452.64300	276.01900	169.70100	113.39300	73.36300	44.97600	53.61500	36.35300	23.54500	14.67600	0.05920	0.08210	0.09150	0.09520
12	356.33888	1.02124	0.06355	3967.44800	2634.06700	1696.82800	1034.43800	626.73800	418.78700	272.38500	167.23800	195.65300	131.85600	86.16400	53.24400	0.07660	0.10590	0.12540	0.13530
13	270.88082	0.29907	0.14842	1026.87800	683.89800	442.30200	272.13000	164.75300	110.94800	72.45400	44.45500	52.26600	35.57100	22.98600	14.25900	0.06260	0.08580	0.09950	0.10220
14	343.73017	0.44716	0.09429	1773.46500	1178.90200	762.59200	467.79300	283.06100	189.58500	123.96100	76.21100	88.91700	60.07500	39.51000	24.48700	0.07350	0.09950	0.11790	0.12700
15	323.24645	1.01469	0.08555	3608.75800	2399.88900	1547.21000	946.31400	570.70200	382.88100	248.45100	153.05200	178.03100	119.88200	78.80100	49.30200	0.07310	0.10000	0.11800	0.12760
16	286.15647	0.49658	0.16110	1699.08900	1127.00000	724.61900	444.49300	270.67500	181.24600	117.28200	72.34800	85.24600	57.59600	37.31100	23.43600	0.06600	0.08780	0.10200	0.10640
17	85.93194	0.92666	0.10276	898.05500	599.89300	386.43600	235.37000	144.33000	97.01600	62.84000	38.59200	45.47900	30.75500	19.84700	12.20100	0.06090	0.08370	0.09820	0.10370
18	201.85173	0.91433	0.09353	2045.79200	1355.41700	868.34100	532.89800	325.35300	216.81700	139.18200	86.66600	101.30000	68.45900	44.43900	27.75300	0.07000	0.09630	0.11270	0.11950
19	60.87608	0.47053	0.16627	354.95700	235.06800	150.16900	90.73100	57.57900	38.02800	24.42300	14.84300	18.28700	12.31400	7.93400	4.93700	0.04650	0.06310	0.06850	0.06930
20	277.60310	0.38415	0.04129	1179.23400	785.83600	508.51300	312.36500	188.17500	126.99500	82.18600	51.06800	59.70300	40.35500	26.67400	16.43300	0.07660	0.10420	0.12370	0.13660
21	302.77932	0.46728	0.03995	1571.10300	1046.45800	675.18300	413.79900	251.70300	167.79500	110.05500	67.19200	78.29800	53.60800	34.97600	21.32600	0.07790	0.10580	0.12640	0.13850
22	335.97024	0.35483	0.04237	1317.43000	876.41300	569.09400	349.27600	211.77100	141.48100	92.76500	56.78100	66.45800	44.84000	29.86500	18.61500	0.07650	0.10680	0.12630	0.13780
23	165.86397	0.45593	0.13062	913.30700	608.46900	391.66100	240.46600	145.73200	98.47100	64.02700	39.51200	46.54300	31.36900	20.68500	12.47100	0.06150	0.08450	0.09830	0.10200
24	228.07980	0.30702	0.19468	916.80700	607.33300	389.78600	238.09800	147.59900	98.30600	63.66700	38.99400	46.31600	31.34200	20.23600	12.68600	0.05720	0.07740	0.08840	0.09090
25	265.90384	0.76797	0.11369	2311.02700	1533.84300	987.16300	605.84400	367.04600	245.50300	158.79900	98.09900	115.02300	77.88200	50.47100	31.68500	0.06980	0.09590	0.11200	0.12030
26	115.03214	0.89678	0.08639	1149.98000	760.92200	489.32800	299.70200	183.24500	122.20600	79.15300	48.77400	57.56000	38.74200	25.63800	15.73500	0.06530	0.08900	0.10410	0.11080
27	350.76739	0.62817	0.02044	2388.38900	1587.33100	1022.73400	625.21200	378.77900	253.95500	164.50100	102.08300	118.93100	80.50800	52.40000	32.69600	0.08040	0.11280	0.13430	0.14540
28	63.01633	0.70500	0.17430	518.66500	342.96600	220.26400	133.71800	84.04100	55.76400	36.06800	21.94200	26.42700	17.78000	11.68600	6.97900	0.05180	0.06820	0.07480	0.07640
29	123.22065	1.16647	0.19403	1622.64100	1075.70300	691.73000	421.90300	259.19100	172.54800	112.78400	68.58500	81.01400	54.74500	35.31300	22.20100	0.05720	0.07560	0.08730	0.09110
30	210.48960	0.39402	0.19768	1037.05000	686.38600	441.59000	270.98800	166.38000	111.22000	71.87300	44.58000	52.79500	35.94500	23.01400	14.17900	0.05790	0.07750	0.08620	0.09040
31	230.59572	1.04585	0.18152	2724.03500	1808.67000	1167.16600	713.88800	431.30700	289.70400	187.28600	114.97400	134.32300	91.17200	60.00500	37.07000	0.06330	0.08580	0.09980	0.10560
32	139.64618	0.49349	0.04887	767.07200	509.94600	328.59400	201.67500	122.74300	82.40700	53.46200	32.83900	38.87200	26.47700	17.12400	10.55700	0.06760	0.09670	0.10940	0.11830
33	358.10144	0.87738	0.10909	3509.63200	2332.51500	1505.13300	918.31600	556.75900	373.27800	241.60100	148.04600	173.80600	117.13400	76.54200	47.78200	0.07270	0.09910	0.11490	0.12490
34	202.71952	0.68688	0.09631	1579.49600	1044.58800	672.41400	411.44100	252.09000	168.33900	108.65100	66.97100	78.87700	53.46100	35.02700	21.78200	0.06870	0.09310	0.10800	0.11520
35	80.37131	0.24998	0.16888	273.81300	181.56000	115.99900	70.30700	44.52700	29.61400	18.94300	11.68800	14.11600	9.41300	6.23600	3.72400	0.04660	0.05750	0.06480	0.06520
36	281.87147	0.69112	0.07783	2163.39500	1427.41300	923.83400	568.53700	343.87500	229.13300	149.20500	91.93200	108.06700	72.71400	47.64600	29.52800	0.07330	0.10150	0.11840	0.12830
37	132.09681	0.87394	0.17703	1321.70200	872.30800	559.60900	342.57400	211.52800	140.18100	90.95400	56.15500	66.23100	44.82100	29.10000	18.27300	0.05840	0.07790	0.08990	0.09320
38	153.26465	0.55398	0.11814	989.85300	658.31500	424.20300	260.02900	158.18500	106.44200	68.98300	42.62100	50.06400	33.70200	21.75800	13.52800	0.06220	0.08550	0.10010	0.10590
39	141.10132	0.46103	0.15321	790.39500	524.52200	335.74700	205.40900	126.28900	84.67200	54.56800	33.45300	40.00900	26.85400	17.62100	10.88500	0.05910	0.07870	0.08870	0.09510
40	87.54445	0.82865	0.14618	829.66200	550.22400	353.20300	214.65300	133.02400	88.98100	57.68400	35.16800	41.95700	28.41500	18.39700	11.42100	0.05730	0.07530	0.08620	0.08700
41	231.02023	0.61585	0.19305	1691.24200	1118.22100	720.13000	439.37400	269.38000	180.32600	117.15900	71.74600	84.69600	57.41000	37.14000	23.48000	0.06100	0.08250	0.09410	0.09870
42	144.55612	0.52001	0.15576	898.77700	592.24100	383.07500	235.45900	143.85300	96.27500	62.38600	38.50400	45.84400	30.60500	20.12700	12.53100	0.05870	0.07910	0.09050	0.09490
43	72.85637	0.23802	0.09124	222.10900	148.05200	94.27600	57.49400	36.09200	24.04300	15.60800	9.31100	11.52300	7.68800	5.09600	3.02800	0.05240	0.06860	0.07610	0.07770
44	259.08447	0.72550	0.15225	2173.43100	1441.84600	932.11800	574.69000	345.00600	231.49000	150.46600	93.02000	108.41100	73.43800	48.01600	29.93400	0.06610	0.08920	0.10380	0.10990
45	243.25600	0.84735	0.19222	2371.37000	1577.78500	1017.18000	624.29100	377.36800	252.74800	164.33400	101.40800	118.48100	80.06400	52.25400	32.77700	0.06260	0.08450	0.09600	0.10130
46	118.60581	1.15959	0.05740	1508.02700	1000.98800	643.83800	392.21700	239.17700	160.39800	103.24300	63.89900	75.32700	50.78300	32.92800	20.37700	0.06840	0.09460	0.11110	0.12190
47	279.06814	0.96791	0.17929	3071.30900	2039.86600	1313.01800	802.49600	485.64200	326.20700	211.24200	129.94800	152.40400	102.23200	66.97600	41.38900	0.06460	0.08720	0.10090	0.10750
48	160.24962	1.10991	0.07117	1942.84400	1287.12700	829.02600	511.34700	307.55300	206.18200	133.51300	83.00100	96.92200	65.23900	42.49900	26.70800	0.07090	0.09660	0.11420	0.12210
49	193.22945	0.64549	0.04824	1389.48700	927.29600	597.74600	367.27500	222.04700	148.61100	96.79400	60.11500	69.88900	47.33600	30.77400	19.41400	0.07280	0.10040	0.11870	0.12800
50	177.07844	0.80813	0.08666	1604.10000	1065.31500	686.60200	419.15700	255.60000	171.41400	111.14200	68.51000	80.07600	54.15800	35.07400	21.90400	0.06810	0.09370	0.10920	0.11590
51	254.05189	0.85494	0.14903	2463.92900	1632.01000	1049.05400	643.49500	390.36500	261.83600	169.09600	104.30900	122.51700	82.67200	54.12300	33.78900	0.06570	0.09030	0.10460	0.11010
52	305.18035	0.43249	0.17937	1603.54300	1064.18500	683.51600	418.63400	256.36900	171.00900	111.21300	68.59000	80.57500	54.48100	35.45100	21.76600	0.06350	0.08450	0.09770	0.10400
53	242.03009	0.32278	0.09673	935.69300	622.24000	404.08300	247.17800	151.11500	101.43700	65.87400	40.39400	47.70300	31.82900	21.16100	13.04200	0.06670	0.09050	0.10470	0.11330
54	264.01465	0.45074	0.08086	1362.96500	907.98600	584.00900	359.47300	218.09600	146.10600	95.13200	58.77200	69.14700	46.93100	30.25400	18.88100	0.07100	0.09890	0.11540	0.12340
55	238.78036	0.42250	0.15287	1215.92800	810.09500	520.72100	318.49700	194.38500	130.33700	84.06000	51.87200	61.32100	41.48200	27.01700	16.85000	0.06270	0.08610	0.09880	0.10590
56	109.62996	0.43944	0.05067	545.57100	363.41500	233.12900	142.36700	88.10500	58.91700	38.25500	23.86200	27.79500	18.74100	12.30500	7.59700	0.06600	0.09080	0.10700	0.11690
57	77.16132	0.39604	0.09523	375.92200	247.88400	158.85800	96.64700	60.75500	40.12800	26.00700	15.98000	19.33200	12.94700	8.27000	5.25500	0.05530	0.07490	0.08620	0.08620
58	101.53071	1.00033	0.11269	1138.20800	753.94400	485.27100	295.97700	182.17600	121.10700	78.59100	48.23800	57.09100	38.52800	25.21000	15.65000	0.06230	0.08560	0.09740	0.10310
59	147.83407	0.66072	0.16482	1135.79000	754.08900	483.70300	295.86400	181.87200	121.80300	78.93300	48.51700	57.20400	38.59800	25.20600	15.32500	0.05990	0.08010	0.09220	0.09660
60	301.10106	0.26422	0.13366	993.69500	661.74500	426.01700	262.05700	159.62100	107.22600	69.69200	43.16500	50.25000	34.04300	22.51100	13.77700	0.06480	0.08700	0.10390	0.10830
61	188.78593	0.24459	0.05159	537.13300	356.21000	229.56100	141.52400	86.93300	58.00800	37.80000	23.26100	27.55200	18.52800	12.28600	7.35200	0.06650	0.09280	0.11060	0.11470
62	105.34942	0.88686	0.18305	1082.77600	716.49800	461.10900	281.56700	173.14000	116.13100	74.53800	46.13800	54.14500	36.79700	23.98000	15.04800	0.05510	0.07370	0.08580	0.08680
63	293.08649	0.31952	0.11586	1143.13400	760.47600	489.94000	301.22600	182.98200	122.21300	79.42700	49.23400	57.39400	38.82600	25.77100	16.01200	0.06770	0.09210	0.10440	0.11210
64	274.17334	0.71483	0.13135	2210.35400	1475.02300	946.50000	576.05700	352.07100	236.28400	153.25700	93.90300	110.42400	74.99800	48.45300	30.09800	0.06870	0.09220	0.10790	0.11420
65	257.29597	0.84338	0.08168	2403.03100	1604.06900	1033.76200	630.79200	382.60500	256.93100	166.02900	102.86200	120.08200	80.92700	52.62500	32.86100	0.07170	0.09900	0.11630	0.12630
66	226.80798	0.40677	0.06887	1068.20000	712.54700	458.86900	282.14500	171.05300	114.93500	74.46200	46.04100	54.24800	36.72700	23.74000	14.62800	0.06980	0.09810	0.11410	0.12170
67	138.62089	1.17208	0.02381	1746.95000	1161.56300	749.63500	457.96200	277.59900	185.22700	121.09700	74.09200	86.91200	58.90000	38.65100	23.70600	0.07430	0.10320	0.12240	0.13240
68	84.12965	0.97664	0.08751	919.24100	612.18800	393.56900	238.37900	146.66600	98.68500	63.71500	39.00500	45.92500	30.88200	20.31600	12.48400	0.06160	0.08570	0.09880	0.10530
69	178.87198	0.56104	0.15885	1186.11500	786.00600	503.51700	306.53300	189.11700	126.07000	82.02500	50.32600	59.97100	40.79200	26.36600	16.22000	0.06020	0.08090	0.09470	0.09870
70	342.28601	0.48310	0.12939	1933.76200	1292.99600	829.51800	507.21900	309.98400	208.47900	134.56800	82.29500	97.03100	66.03700	42.95300	26.62100	0.06810	0.09430	0.10890	0.11700
71	69.40948	1.11460	0.19954	880.68700	584.34000	374.08600	226.98100	141.53300	92.90100	60.98300	37.29100	44.73900	29.64500	19.37200	12.03400	0.05090	0.06730	0.07670	0.07710
72	240.23193	0.55783	0.11688	1554.26900	1032.94300	669.06100	413.78100	248.39900	166.44500	108.56000	66.93800	78.08900	53.04100	34.70800	21.64400	0.06800	0.09100	0.10720	0.11380
73	324.57617	0.20107	0.10056	824.47200	550.01200	355.69500	218.51600	133.47900	89.01700	58.21500	35.90000	42.34400	28.39000	18.66000	11.59500	0.06740	0.09190	0.10900	0.11430
74	236.07972	0.32848	0.02836	862.27100	576.17700	371.15400	226.51100	138.16600	93.22900	60.53000	36.89900	43.86400	29.48500	19.24500	12.06100	0.07470	0.10550	0.12210	0.13470
75	287.98548	0.86633	0.13176	2821.01600	1869.64600	1205.02600	737.17600	447.21000	298.62200	193.89700	120.26400	139.73400	94.21100	61.53300	38.51400	0.06880	0.09480	0.11010	0.11630
76	288.65528	0.77450	0.08414	2464.17300	1640.68200	1062.86100	649.34600	391.62000	264.40700	171.41400	105.58700	122.88900	83.20300	54.53600	34.04600	0.07360	0.10100	0.11800	0.12750
77	175.71888	0.44414	0.05785	878.02500	585.36200	376.86000	230.60900	141.20600	94.65100	61.57800	37.84100	44.45400	30.14800	19.48900	12.17600	0.06990	0.09580	0.11200	0.12070
78	107.32216	0.57037	0.15018	725.36700	479.33700	308.28300	188.13200	116.70600	77.76000	50.90900	31.43400	36.68200	24.56800	16.10000	9.98200	0.05580	0.07700	0.08900	0.09090
79	108.99254	0.36606	0.17240	511.72000	338.32100	217.11500	131.45800	82.85300	55.15300	35.53500	21.63000	26.08900	17.63400	11.67200	7.08700	0.05340	0.06870	0.07950	0.08100
80	206.87225	0.98611	0.10650	2288.62600	1520.34400	976.61300	599.80400	363.60600	243.04100	157.32100	97.43300	113.49400	76.92600	50.28800	31.16300	0.06830	0.09320	0.10970	0.11640
81	73.65768	1.00561	0.09048	827.32200	545.26000	350.70000	213.68000	132.54400	88.02400	57.14000	35.11800	41.55800	27.78400	18.17600	11.18600	0.06180	0.08240	0.09630	0.10370
82	291.83294	0.68045	0.18401	2304.93300	1529.94500	988.71200	606.49000	365.95900	244.74900	159.08000	98.71600	115.68000	77.51300	50.09700	31.65400	0.06460	0.08780	0.10110	0.10580
83	297.15963	0.27035	0.03390	898.30800	598.40500	388.06100	238.32200	144.45600	96.95800	62.94900	39.49800	45.83200	30.77800	20.21900	12.80000	0.07550	0.10480	0.12480	0.13520
84	204.70924	0.83798	0.07754	1907.15400	1264.47800	813.65900	498.67300	304.30400	203.58700	131.04400	81.21600	95.03800	64.05400	41.73400	25.86400	0.07170	0.09820	0.11390	0.12340
85	150.82049	1.18855	0.02488	1939.88900	1287.55500	833.29300	511.46300	308.43000	205.74400	134.82600	83.01500	96.31500	65.27400	42.46400	26.25700	0.07490	0.10300	0.12490	0.13500
86	104.97880	0.72116	0.02612	822.70900	544.82400	350.72300	214.03400	131.08400	87.92200	57.32700	34.90500	41.48100	27.88200	18.10200	11.09500	0.07010	0.09800	0.11570	0.11980
87	217.09826	0.67028	0.12843	1670.19900	1106.21300	711.80100	436.35000	265.96200	177.62500	115.19700	70.76300	83.67700	56.44100	36.85000	22.73500	0.06680	0.08910	0.10390	0.11180
88	168.30201	1.19860	0.09834	2234.75100	1488.53700	964.31700	593.17800	354.43300	238.29800	155.22700	95.87000	111.04000	75.09000	49.09900	30.74100	0.06680	0.09210	0.10760	0.11550
89	304.19195	0.95314	0.10809	3216.50900	2142.77900	1380.36000	841.10500	509.39400	341.49400	222.82700	136.74600	159.31000	106.77300	70.60800	43.56800	0.07050	0.09710	0.11390	0.12290
90	102.53577	0.66863	0.06143	770.84100	512.63000	330.32000	202.01500	123.48300	82.57400	53.54000	33.00700	38.71600	26.46000	17.08200	10.65800	0.06480	0.09090	0.10690	0.11340
91	294.45949	0.22263	0.13623	848.45200	563.81500	363.85600	223.59400	136.70400	91.85100	60.10200	36.89200	43.15200	29.36800	19.31700	11.89100	0.06250	0.08690	0.09800	0.10420
92	253.35439	0.73020	0.12345	2088.73100	1383.45100	897.26000	549.45000	332.56600	221.57300	145.10900	89.54800	104.28800	70.35400	46.49500	28.85000	0.06860	0.09430	0.10900	0.11540
93	331.89098	0.91949	0.14347	3429.64100	2284.61700	1473.01200	902.89700	542.84400	364.97100	237.77400	146.31000	169.03100	115.50400	75.49600	46.55000	0.06880	0.09400	0.10960	0.11530
94	289.53584	0.25230	0.11965	913.46700	607.64500	392.43300	240.25300	146.98300	97.69700	64.06300	39.26300	45.94600	31.87300	20.50400	12.78900	0.06490	0.08850	0.10320	0.10920
95	90.36390	0.26846	0.09018	303.28800	200.33600	128.03200	77.64100	49.43500	33.17700	21.00800	12.95200	15.70900	10.50200	6.93500	4.29800	0.05560	0.07610	0.08820	0.08430
96	319.19019	0.86424	0.14568	3106.49900	2062.08900	1324.36200	809.97400	492.83700	328.59000	212.71600	131.44600	154.19700	103.96700	68.13700	42.08700	0.06820	0.09220	0.10730	0.11410
97	82.23748	0.61289	0.19583	604.59500	401.07200	256.24300	155.94700	97.45600	64.73000	42.01500	25.45800	30.79400	20.89500	13.58200	8.13800	0.04990	0.06640	0.07530	0.07540
98	61.63377	0.62338	0.10517	444.38700	293.97500	188.48200	114.04900	71.97200	47.56700	30.92500	18.81100	22.77100	15.30800	9.81400	6.12100	0.05590	0.07450	0.08630	0.08860
99	157.09560	0.76222	0.15454	1364.76300	907.43700	584.10700	356.69300	217.92600	146.07400	94.51700	58.22100	68.06400	45.92300	30.39700	18.66400	0.06210	0.08410	0.09470	0.10020
100	182.71585	0.25908	0.19820	641.53300	426.79600	275.43000	167.87200	104.01100	69.11200	45.35900	27.70800	32.70000	22.07500	14.47500	9.07700	0.05360	0.07010	0.07900	0.08150
101	149.34683	0.79893	0.12735	1359.94600	903.88000	582.22800	352.86500	217.47900	145.28700	94.30700	57.41700	68.50100	46.11200	30.21200	18.53000	0.06390	0.08560	0.09890	0.10760
102	261.13139	1.04217	0.06061	2967.59200	1968.46500	1274.11600	777.72900	469.87800	313.37900	204.30600	125.69100	146.97400	98.74400	65.17400	40.07900	0.07400	0.10300	0.12210	0.13210
103	143.71482	0.48546	0.11772	835.17100	553.98100	356.61600	219.69900	133.62900	89.69400	58.25300	35.61600	42.68600	28.41500	18.92700	11.44600	0.06220	0.08500	0.09730	0.10080
104	351.43647	0.88150	0.12668	3472.51400	2308.27700	1479.46700	907.93100	550.98700	367.40500	238.85300	146.76700	171.38200	115.62200	75.63900	46.92600	0.07070	0.09620	0.11210	0.12080
105	274.85453	0.33057	0.17828	1154.49400	766.87600	496.49500	304.93600	184.76200	124.33900	80.55900	49.50000	58.88200	39.66600	25.78900	16.20200	0.06100	0.08300	0.09300	0.09710
106	272.59178	1.06628	0.12072	3252.06500	2160.16900	1394.38000	849.23000	514.42400	344.88100	224.20000	137.06500	160.54200	108.70500	70.80800	44.11300	0.06920	0.09510	0.11020	0.11660
107	308.55739	1.03778	0.18697	3630.70100	2419.31100	1568.28500	958.07400	574.04200	385.34300	250.97100	155.45800	178.23300	121.19500	80.01500	49.54300	0.06520	0.08700	0.10140	0.10670
108	82.55817	0.98441	0.05606	887.31000	587.54400	379.90300	230.41000	142.45500	94.67600	61.43700	38.02700	44.51600	30.03000	19.57500	12.02500	0.06700	0.09070	0.10530	0.11130
109	136.17990	1.13030	0.05290	1675.95900	1118.14700	724.87600	444.17800	266.71700	178.83600	116.21600	71.78700	83.48000	56.17900	36.93400	22.96500	0.07100	0.09810	0.11580	0.12520
110	221.42912	0.65702	0.08902	1644.17900	1093.39200	704.26700	432.83800	263.07300	175.11100	113.35500	70.17000	82.45500	55.76400	36.49100	22.79100	0.07000	0.09600	0.11370	0.12240
111	315.49840	0.93334	0.17188	3317.70700	2207.32800	1423.93800	875.26200	524.89400	352.44600	227.74400	142.19300	164.80900	111.13500	72.66500	45.24500	0.06540	0.09030	0.10330	0.11180
112	359.43876	0.90853	0.07495	3615.27100	2400.15900	1549.26400	949.50200	571.26100	383.13700	248.86000	153.54800	177.99600	120.40600	79.11800	49.00300	0.07550	0.10390	0.12340	0.13490
113	244.97530	0.59748	0.03859	1616.01000	1072.14800	694.37500	426.54500	257.94200	172.18600	112.42600	69.42400	80.83700	54.86600	36.37500	22.29700	0.07580	0.10470	0.12420	0.13690
114	67.53702	1.12578	0.15062	863.55800	571.25900	369.20000	225.67100	138.25100	92.30000	59.78400	36.41700	43.58600	29.20300	19.17400	11.77000	0.05400	0.07250	0.08460	0.08870
115	330.49661	1.09027	0.17576	4048.33600	2681.40900	1734.08200	1063.65100	639.84400	426.98400	278.63100	171.89200	200.18200	134.47800	88.03000	55.02500	0.06590	0.08910	0.10430	0.11060
116	306.45385	0.42576	0.05030	1477.43500	982.99100	633.94200	388.68800	235.82300	157.97300	102.49400	63.46400	74.64300	50.70800	33.02900	20.51400	0.07680	0.10500	0.12480	0.13510
117	220.12875	0.78728	0.13496	1972.14500	1310.58600	842.97200	514.73000	314.11100	209.61200	136.17500	83.91700	98.94800	66.39500	43.34900	26.96900	0.06720	0.09120	0.10470	0.11170
118	298.69121	0.71740	0.09963	2413.55400	1599.56500	1034.32800	636.68500	382.78300	257.75400	166.62200	103.08900	120.45300	80.80500	53.02900	33.08200	0.07200	0.09840	0.11560	0.12380
119	246.33515	1.16237	0.16796	3216.43100	2136.42700	1373.81800	841.84700	508.42100	341.31200	221.53300	135.90300	158.08000	107.35200	69.97600	43.54900	0.06380	0.08760	0.10150	0.10620
120	191.78988	0.21687	0.06449	510.62800	339.09700	217.99300	133.24500	82.74000	55.31100	35.67700	22.11900	26.21100	17.67900	11.52800	7.07900	0.06560	0.09070	0.10650	0.11340
121	137.62083	0.50361	0.06669	783.80500	520.03400	333.91400	205.07100	125.91000	83.96100	54.70100	33.22600	39.75300	26.94200	17.64800	10.79700	0.06660	0.09280	0.10660	0.11590
122	125.16438	1.18239	0.05459	1608.42500	1069.65500	690.89100	420.82300	255.23200	171.79200	111.50300	68.93700	79.99600	54.00600	35.41300	22.26500	0.07040	0.09610	0.11200	0.12580
123	164.23523	1.08335	0.04297	1921.42200	1269.90000	823.93100	503.22900	305.18900	203.19400	131.80400	81.67700	95.09600	64.04900	42.09500	26.41200	0.07310	0.10200	0.11990	0.13070
124	166.53598	0.27862	0.18896	620.76900	410.55100	263.40700	161.04600	100.40500	66.43600	43.13800	26.47000	31.48300	21.46800	13.99700	8.48600	0.05490	0.07060	0.08240	0.08150
125	184.83013	0.23314	0.13701	561.96900	372.00400	240.33700	145.85000	90.52300	61.00900	39.35600	23.76700	28.94200	19.31800	12.66300	7.95600	0.05790	0.07830	0.08910	0.09480
126	223.13558	1.11507	0.15661	2802.90500	1864.90500	1199.14800	732.26300	444.11900	298.07900	193.10700	118.21400	138.54500	93.54800	61.30100	37.93300	0.06470	0.08650	0.10100	0.10760
127	334.36698	0.77623	0.10618	2919.19400	1940.04900	1253.94200	766.00300	463.34000	311.27100	202.75900	124.50500	145.31900	98.01900	64.41800	39.98300	0.07140	0.09870	0.11430	0.12320
128	88.79483	1.05777	0.15954	1065.62000	705.18300	452.99600	275.57500	170.80100	113.50000	73.78800	44.93500	53.70500	35.77400	23.45400	14.45100	0.05640	0.07580	0.08580	0.08880
129	115.94521	0.50577	0.05893	671.51600	446.85500	289.08800	176.37000	107.52500	72.53600	46.60600	28.89000	34.01600	23.19600	14.98700	9.53100	0.06600	0.09050	0.10720	0.11060
130	211.61152	0.74249	0.14014	1787.85400	1190.72400	765.15200	465.71500	284.99500	191.42800	124.00200	76.00300	89.96700	60.84700	39.41700	24.45300	0.06540	0.08820	0.10230	0.10860
131	161.39627	0.38724	0.16359	783.69800	520.39500	335.05100	204.32100	126.35500	84.10400	54.80400	33.46000	39.99500	27.15800	17.55300	10.94000	0.05850	0.07910	0.09010	0.09080
132	340.11724	0.20629	0.03502	824.99200	549.82700	356.14600	219.33800	133.28400	89.02600	57.96800	35.90300	41.94400	28.28600	18.37900	11.81400	0.07400	0.10270	0.12170	0.13320
133	321.39011	1.15364	0.19036	4127.15800	2735.69300	1765.32700	1084.85800	650.46900	433.56400	282.91200	175.78900	202.93900	136.31900	89.84400	55.64300	0.06540	0.08760	0.10200	0.10740
134	353.39158	0.75807	0.14158	3052.50900	2031.18400	1311.37700	801.52300	484.47100	324.42100	211.36400	129.56200	151.33300	102.58600	67.16300	41.60600	0.06900	0.09390	0.11030	0.11620
135	122.19116	0.28123	0.02950	387.22200	255.60300	164.67300	101.62900	62.50800	41.73800	26.97000	16.39700	19.89600	13.48300	8.55800	5.46400	0.06640	0.09250	0.10490	0.11170
136	313.26187	0.65253	0.18580	2380.22200	1575.95100	1012.32800	618.30700	378.50300	253.15800	163.50100	100.72900	118.47500	80.46400	52.15300	32.23500	0.06400	0.08650	0.10010	0.10490
137	247.54558	0.97167	0.18959	2748.76500	1816.85300	1171.16800	718.31300	436.17400	291.08700	188.38100	116.76800	135.82200	91.62900	59.95200	37.51600	0.06280	0.08430	0.09750	0.10300
138	131.15166	0.75049	0.08291	1104.02200	732.10500	472.30500	288.57900	175.64900	118.23100	77.05800	47.34200	55.40500	37.27400	24.64300	15.12800	0.06610	0.09060	0.10840	0.11320
139	310.30479	1.14833	0.11144	3929.83200	2603.22500	1677.36600	1027.31500	619.29000	415.60300	269.54900	165.98200	193.30400	130.15500	84.83600	53.22800	0.07120	0.09750	0.11380	0.12320
140	198.70350	0.56852	0.15830	1337.79600	886.17100	570.83400	349.91900	213.97500	143.12100	92.94400	57.17800	67.45600	45.38800	29.53400	18.33700	0.06170	0.08420	0.09830	0.10110
141	98.64386	0.35691	0.03057	397.82200	264.11600	170.82600	103.09900	64.54600	42.45300	27.42400	16.94100	20.42900	13.79600	9.04100	5.55900	0.06460	0.08910	0.10530	0.11720
142	232.70997	1.07909	0.16988	2822.69500	1879.29200	1209.03400	742.16700	447.03300	300.07000	195.57600	120.79800	140.10700	94.78900	61.95400	38.45000	0.06350	0.08640	0.09980	0.10630
143	96.12017	0.36394	0.04738	397.57900	263.36100	170.12800	104.00100	64.63200	42.86600	27.63100	17.21800	20.51300	13.79100	8.88700	5.62100	0.06390	0.08580	0.10400	0.10600
144	128.12244	1.08597	0.16143	1565.95100	1043.18400	672.65900	412.50500	249.56300	167.79900	108.46200	67.21600	78.10400	53.20300	34.73400	21.32000	0.06090	0.07930	0.09150	0.09850
145	209.48852	1.06446	0.16307	2503.17300	1663.98400	1071.78100	656.95000	396.74800	266.13900	172.87500	106.59500	123.97700	83.48900	54.73100	34.36400	0.06360	0.08640	0.10010	0.10560
146	214.50873	0.70161	0.09764	1701.90500	1132.34400	728.36400	445.99200	271.18200	181.57900	117.69000	72.50700	85.23000	57.56300	37.40500	23.44700	0.06960	0.09270	0.10930	0.11710
147	120.47833	0.99403	0.10169	1331.56300	886.43900	573.09700	347.62200	212.61800	143.00200	92.30400	56.60800	66.35100	44.72600	29.84700	18.08200	0.06470	0.08830	0.10320	0.10900
148	92.73171	1.07314	0.07600	1102.01500	732.36100	472.16700	287.79900	175.57600	117.71700	76.08200	46.73100	54.95400	36.97400	24.26300	15.14100	0.06420	0.08760	0.10340	0.10820
149	277.14623	0.57730	0.18229	1898.81600	1263.20200	812.68700	496.14700	303.34100	203.45600	131.69000	80.91100	95.23800	64.37200	41.82700	25.92000	0.06350	0.08590	0.09800	0.10100
150	354.39540	0.78374	0.14135	3135.44900	2085.32900	1346.66900	822.19500	496.51200	334.00600	216.72300	133.35700	155.51800	104.82800	68.96300	43.04600	0.06950	0.09500	0.11060	0.11770
151	267.66682	0.73640	0.19707	2309.14600	1535.00300	983.66000	599.93100	367.22400	245.13800	159.25200	97.82800	114.90100	77.83500	50.51800	31.01400	0.06230	0.08370	0.09760	0.10070
152	130.44056	0.47839	0.19102	767.70500	508.15100	325.36700	197.60700	122.93700	82.21500	52.91500	32.74000	39.19000	26.40800	16.94700	10.51000	0.05350	0.07370	0.08080	0.08290
153	314.16427	1.14481	0.03551	3892.45800	2586.96300	1666.71200	1018.70000	616.11900	411.74800	266.37300	164.87300	191.39600	128.98600	84.14400	52.64900	0.07790	0.10700	0.12710	0.14030
154	174.03716	0.58594	0.07864	1158.90400	768.03900	494.93100	301.63200	184.71100	123.40500	80.43000	49.30900	58.11100	39.01600	25.78300	15.70300	0.06960	0.09480	0.11070	0.11890
155	282.43675	1.12477	0.10427	3496.21100	2318.07900	1494.11900	916.53800	552.22000	368.94200	240.50100	147.85600	172.71400	115.94800	75.89200	47.38800	0.07120	0.09800	0.11470	0.12290
156	259.55039	0.69851	0.03199	1978.52800	1316.06800	848.97900	517.97100	314.44400	210.62500	137.29300	84.11900	98.64800	66.58100	43.70200	27.14800	0.07680	0.10770	0.12740	0.14050
157	70.65056	0.60848	0.14291	510.89100	337.36500	216.63500	131.72000	81.40100	54.82800	35.62900	21.58100	26.09400	17.42200	11.43200	6.99800	0.05330	0.07230	0.08150	0.08450
158	152.12974	0.92232	0.07341	1546.01400	1027.11500	659.31600	402.15300	246.81200	164.90400	106.70900	65.14700	76.97900	52.03300	33.96700	21.31900	0.06890	0.09550	0.11280	0.12070
159	328.92999	1.05440	0.03919	3759.98000	2498.90700	1607.55500	983.55900	593.45800	398.84400	257.56400	158.54800	185.46300	125.75400	81.70000	50.56200	0.07790	0.10810	0.12810	0.14010
160	268.73447	0.37602	0.18475	1267.68800	844.05000	544.18100	335.53600	203.52300	136.23300	88.36800	55.22400	64.35900	43.41600	28.47300	17.83900	0.06160	0.08270	0.09460	0.09860
161	154.96757	1.09749	0.05374	1848.10700	1225.80100	790.78100	482.39000	293.68000	197.03300	127.87300	78.33200	92.03500	61.87900	40.13400	25.10600	0.07290	0.09900	0.11880	0.12660
162	235.25630	0.83386	0.02140	2112.99400	1411.90400	907.24500	556.86500	337.39400	225.39200	146.52500	90.38700	105.17500	71.12600	46.12800	28.91800	0.07750	0.10870	0.12790	0.14080
163	172.28940	0.63084	0.17111	1272.57500	843.22700	544.17300	332.32900	203.51300	136.21800	88.25500	54.45900	64.01100	42.73300	28.16100	17.20200	0.05960	0.08160	0.09130	0.09830
164	113.48164	0.89443	0.13570	1147.31000	764.67600	489.72300	300.96500	183.50700	123.41800	79.57600	48.69900	57.12300	39.13600	25.39300	15.75100	0.06010	0.08160	0.09260	0.09690
165	75.28089	0.31000	0.04536	273.48700	181.80900	117.35000	71.85900	44.03400	29.49700	19.23500	11.75800	14.13500	9.55200	6.18800	3.98200	0.05650	0.07860	0.09230	0.08990
166	347.99256	0.94121	0.04663	3560.02600	2365.61900	1519.61100	935.34800	564.41600	377.48600	244.62600	150.54900	175.58700	118.25800	77.40100	48.32900	0.07770	0.10730	0.12690	0.14000
167	238.14340	0.29241	0.17516	903.11300	598.50300	384.01400	234.91500	144.96500	97.01700	62.98400	38.64200	45.86500	30.84500	20.18700	12.53700	0.05840	0.07840	0.08930	0.09510
168	250.45220	0.79262	0.03342	2155.60600	1432.59900	922.99300	565.17000	343.01500	228.65300	149.16300	91.96300	107.04200	72.39200	47.33400	29.10800	0.07740	0.10670	0.12760	0.13840
169	145.98459	0.95864	0.02799	1517.26700	1011.66100	650.69900	397.67600	241.89200	161.89300	104.96200	64.63800	76.28200	51.29900	33.40400	20.87600	0.07350	0.10270	0.11940	0.12990
170	327.22258	1.13518	0.02181	4025.51400	2673.18500	1719.29400	1051.67000	636.46400	425.74100	275.89900	170.04800	197.91600	134.14600	87.29100	53.75800	0.08000	0.11010	0.13120	0.14490
171	199.84588	1.10340	0.10941	2436.94300	1619.78700	1041.56600	634.95500	385.93400	258.96000	168.07900	103.59000	120.71900	81.63500	52.95000	33.14900	0.06870	0.09260	0.10740	0.11690
172	134.13533	0.53274	0.06713	807.67200	536.84400	348.79900	212.95000	130.06200	87.09300	56.41900	34.96500	41.02300	27.85800	18.31900	11.26500	0.06740	0.09350	0.10880	0.11370
173	79.09680	0.93733	0.10292	831.78700	553.14300	354.38900	217.18000	133.42400	88.68200	57.49800	35.73000	41.64900	28.30100	18.36600	11.60300	0.06110	0.08220	0.09670	0.10000
174	94.62582	0.53608	0.08365	583.61200	387.06000	250.47100	152.48000	94.14300	63.01200	40.69700	24.99300	29.72600	19.92700	13.12500	8.14600	0.06370	0.08440	0.09780	0.10380
175	217.74503	0.64294	0.12380	1601.74200	1059.70300	680.75200	418.43200	256.27200	170.99100	110.31600	68.38200	80.73400	54.38000	35.40700	22.21600	0.06780	0.09170	0.10530	0.11370
176	283.60451	0.41045	0.12523	1394.49100	926.63500	601.15900	367.28500	223.30800	149.95400	97.57300	59.91200	70.35400	48.11300	31.29400	19.42400	0.06630	0.08980	0.10460	0.11130
177	162.17040	0.81940	0.07305	1476.69500	982.50700	634.24800	388.16400	235.58500	158.16000	102.47400	63.55400	73.94300	50.16200	32.69200	20.10300	0.06990	0.09600	0.11170	0.12260
178	64.85317	0.21064	0.18752	195.17800	128.35600	80.72600	47.95900	31.55500	20.95500	13.27900	8.03100	10.17500	6.78200	4.28400	2.64000	0.03920	0.05000	0.04950	0.04780
179	263.08814	0.60174	0.06960	1761.76600	1169.24900	758.62700	463.06100	281.02500	187.83500	123.23300	75.34400	87.94200	59.52100	39.47000	24.34200	0.07290	0.10060	0.11890	0.12900
180	117.37849	0.54784	0.13252	762.98300	503.53600	323.93000	197.56500	122.77200	81.85500	53.04800	32.39400	38.81200	26.06100	16.97400	10.75300	0.05970	0.07970	0.09260	0.09710
181	224.55270	0.33931	0.02279	835.47600	554.88600	357.99100	217.38600	133.33600	89.81400	58.02700	35.53400	42.17200	28.43500	18.85000	11.42400	0.07470	0.10600	0.12370	0.13590
182	336.41811	0.96491	0.16748	3642.07300	2427.19800	1567.03700	965.21000	576.80300	387.21100	252.01900	156.03900	179.97200	122.19300	79.60100	50.47200	0.06690	0.09030	0.10590	0.11120
183	207.14781	0.51317	0.07206	1191.48300	793.42500	512.50200	315.06100	190.93700	128.25200	83.37000	51.72100	60.10900	40.58800	26.57900	16.57600	0.07120	0.09650	0.11400	0.12240
184	317.93390	0.54491	0.18037	2033.60700	1353.91900	874.16600	535.12600	323.60100	217.94900	142.04000	87.69700	101.93400	69.37500	45.37100	28.33400	0.06430	0.08640	0.10000	0.10540
185	189.98627	1.19264	0.05553	2448.66400	1624.52900	1040.66000	638.79500	386.84600	259.46700	167.61700	103.31200	121.62000	80.99700	53.26600	33.12000	0.07330	0.10010	0.11840	0.12770
186	326.64240	0.85934	0.03099	3030.43600	2018.07400	1300.14100	797.36300	479.12100	321.80600	209.29300	129.07800	149.62700	101.67400	66.20500	41.15500	0.07940	0.11060	0.13060	0.14150
187	173.89396	0.59078	0.06265	1150.81900	767.64200	494.95400	303.84900	184.65000	122.93400	80.24700	49.68400	57.90200	38.93600	25.48700	16.17000	0.07040	0.09570	0.11520	0.12060
188	99.82736	0.41521	0.06521	488.41500	324.05700	208.80300	127.17600	78.91800	52.29200	34.06200	20.87600	24.98600	16.91600	10.72900	6.76000	0.06170	0.08540	0.10060	0.10730
189	194.89404	1.17902	0.12085	2546.88000	1687.77800	1089.60200	669.97400	403.65300	269.97400	175.34400	108.11100	125.88800	85.05800	55.25500	34.74700	0.06680	0.09080	0.10670	0.11390
190	180.14394	0.34131	0.11300	746.97600	497.12100	320.08900	194.22300	120.52800	79.76100	51.75300	32.26100	38.09200	25.69100	16.77500	10.44200	0.06310	0.08550	0.09990	0.10210
191	348.82339	0.58472	0.13904	2340.11400	1551.19200	1000.02600	615.36100	372.45400	248.20500	161.37500	99.59600	116.79100	78.49600	51.62500	32.15900	0.06910	0.09360	0.10800	0.11540
192	345.70823	0.74743	0.04407	2819.56400	1873.71600	1208.87000	741.28200	446.74400	299.99200	194.74100	119.66500	140.28800	94.29700	61.96100	38.06700	0.07940	0.10880	0.12940	0.14210
193	157.54291	0.28941	0.07481	545.44300	365.28400	234.87800	143.55500	88.47400	59.20800	38.36100	23.55700	27.94000	19.01800	12.59000	7.70000	0.06390	0.08820	0.10270	0.10910
194	337.80199	0.81179	0.12190	3055.79800	2033.98600	1317.59900	807.56200	485.46600	325.36800	212.89500	131.16300	152.07200	102.70900	67.71000	41.96200	0.07210	0.09760	0.11510	0.12120
195	311.21331	0.30419	0.16516	1194.32900	793.74300	511.36500	313.93000	190.95200	128.35200	83.31100	51.49000	60.71300	41.09700	26.62100	16.45900	0.06260	0.08420	0.09780	0.10100
196	341.52067	0.82469	0.09227	3112.58500	2075.72100	1333.30500	815.18100	494.70800	331.47900	214.77300	132.43300	154.79200	104.18400	68.40600	42.21200	0.07330	0.10110	0.12030	0.12910
197	250.74270	0.67721	0.13860	1955.66300	1301.56300	832.68000	509.65500	311.11000	207.72200	135.75100	82.80900	97.62900	66.22000	43.23000	26.40100	0.06670	0.09080	0.10560	0.11050
198	170.90841	1.03428	0.03627	1916.89400	1271.33200	818.03200	501.68800	302.99700	203.45200	132.27800	81.77200	95.46500	63.73800	42.20200	26.00100	0.07400	0.10040	0.12050	0.13330
199	187.19210	0.80316	0.02678	1623.88400	1080.40800	702.02500	431.40100	258.72900	173.20800	112.54700	69.90100	80.87300	54.40200	35.99500	22.46300	0.07570	0.10450	0.12350	0.13550
